solid "FIG4"
  facet normal 0 0 1
    outer loop
      vertex -55.9112014771 -5.03277015686 0.0786499977112
      vertex -55.9898986816 -5.03277015686 -1.31153365945e-09
      vertex -55.9112014771 -5.03277015686 -1.31153365945e-09
    endloop
  endfacet
  facet normal 0 0 1
    outer loop
      vertex -55.9898986816 -5.03277015686 -1.31153365945e-09
      vertex -55.9112014771 -5.03277015686 0.0786499977112
      vertex -55.9548988342 -5.03277015686 0.0436920002103
    endloop
  endfacet
  facet normal 0 0 -1
    outer loop
      vertex -55.9112014771 -5.03277015686 -1.31153365945e-09
      vertex -55.9898986816 -5.03277015686 -1.31153365945e-09
      vertex -55.9112014771 -5.03277015686 0.0786499977112
    endloop
  endfacet
  facet normal 0 -1 0
    outer loop
      vertex -55.9898986816 -5.03277015686 -1.31153365945e-09
      vertex -55.9846992493 -5.00629997253 -1.31153365945e-09
      vertex -55.9112014771 -5.03277015686 -1.31153365945e-09
    endloop
  endfacet
  facet normal 0 -1 -0
    outer loop
      vertex -55.9898986816 -5.03277015686 -1.31153365945e-09
      vertex -56.0019989014 -5.00857019424 -1.31153365945e-09
      vertex -55.9846992493 -5.00629997253 -1.31153365945e-09
    endloop
  endfacet
  facet normal 0 -1 0
    outer loop
      vertex -56.0140991211 -5.03277015686 -1.31153365945e-09
      vertex -56.0019989014 -5.00857019424 -1.31153365945e-09
      vertex -55.9898986816 -5.03277015686 -1.31153365945e-09
    endloop
  endfacet
  facet normal 0 -1 -0
    outer loop
      vertex -56.0140991211 -5.03277015686 -1.31153365945e-09
      vertex -56.0191993713 -5.00629997253 -1.31153365945e-09
      vertex -56.0019989014 -5.00857019424 -1.31153365945e-09
    endloop
  endfacet
  facet normal 0 -1 0
    outer loop
      vertex -56.0140991211 -5.03277015686 -1.31153365945e-09
      vertex -56.0351982117 -4.99966001511 -1.31153365945e-09
      vertex -56.0191993713 -5.00629997253 -1.31153365945e-09
    endloop
  endfacet
  facet normal 0 -1 0
    outer loop
      vertex -56.0140991211 -5.03277015686 -1.31153365945e-09
      vertex -56.0489997864 -4.98907995224 -1.31153365945e-09
      vertex -56.0351982117 -4.99966001511 -1.31153365945e-09
    endloop
  endfacet
  facet normal 0 -1 0
    outer loop
      vertex -56.0927009583 -5.03277015686 -1.31153365945e-09
      vertex -56.0489997864 -4.98907995224 -1.31153365945e-09
      vertex -56.0140991211 -5.03277015686 -1.31153365945e-09
    endloop
  endfacet
  facet normal -0 -1 0
    outer loop
      vertex -56.0489997864 -4.98907995224 -1.31153365945e-09
      vertex -56.0927009583 -5.03277015686 -1.31153365945e-09
      vertex -56.0596008301 -4.97529983521 -1.31153365945e-09
    endloop
  endfacet
  facet normal 0 1 0
    outer loop
      vertex -56.0140991211 -5.03277015686 -1.31153365945e-09
      vertex -56.0489997864 -4.98907995224 -1.31153365945e-09
      vertex -56.0927009583 -5.03277015686 -1.31153365945e-09
    endloop
  endfacet
  facet normal 0 1 -0
    outer loop
      vertex -56.0351982117 -4.99966001511 -1.31153365945e-09
      vertex -56.0489997864 -4.98907995224 -1.31153365945e-09
      vertex -56.0140991211 -5.03277015686 -1.31153365945e-09
    endloop
  endfacet
  facet normal 0 1 -0
    outer loop
      vertex -56.0191993713 -5.00629997253 -1.31153365945e-09
      vertex -56.0351982117 -4.99966001511 -1.31153365945e-09
      vertex -56.0140991211 -5.03277015686 -1.31153365945e-09
    endloop
  endfacet
  facet normal 0 1 0
    outer loop
      vertex -56.0019989014 -5.00857019424 -1.31153365945e-09
      vertex -56.0191993713 -5.00629997253 -1.31153365945e-09
      vertex -56.0140991211 -5.03277015686 -1.31153365945e-09
    endloop
  endfacet
  facet normal 0 1 0
    outer loop
      vertex -55.9898986816 -5.03277015686 -1.31153365945e-09
      vertex -56.0019989014 -5.00857019424 -1.31153365945e-09
      vertex -56.0140991211 -5.03277015686 -1.31153365945e-09
    endloop
  endfacet
  facet normal 0 1 0
    outer loop
      vertex -55.9846992493 -5.00629997253 -1.31153365945e-09
      vertex -56.0019989014 -5.00857019424 -1.31153365945e-09
      vertex -55.9898986816 -5.03277015686 -1.31153365945e-09
    endloop
  endfacet
  facet normal 0 1 0
    outer loop
      vertex -55.9112014771 -5.03277015686 -1.31153365945e-09
      vertex -55.9846992493 -5.00629997253 -1.31153365945e-09
      vertex -55.9898986816 -5.03277015686 -1.31153365945e-09
    endloop
  endfacet
  facet normal 0 -1 0
    outer loop
      vertex -55.9112014771 -5.03277015686 -1.31153365945e-09
      vertex -55.9846992493 -5.00629997253 -1.31153365945e-09
      vertex -55.9687004089 -4.99966001511 -1.31153365945e-09
    endloop
  endfacet
  facet normal 0 1 -0
    outer loop
      vertex -55.9687004089 -4.99966001511 -1.31153365945e-09
      vertex -55.9846992493 -5.00629997253 -1.31153365945e-09
      vertex -55.9112014771 -5.03277015686 -1.31153365945e-09
    endloop
  endfacet
  facet normal 0 -1 0
    outer loop
      vertex -55.9112014771 -5.03277015686 -1.31153365945e-09
      vertex -55.9687004089 -4.99966001511 -1.31153365945e-09
      vertex -55.9548988342 -4.98907995224 -1.31153365945e-09
    endloop
  endfacet
  facet normal 0 1 -0
    outer loop
      vertex -55.9548988342 -4.98907995224 -1.31153365945e-09
      vertex -55.9687004089 -4.99966001511 -1.31153365945e-09
      vertex -55.9112014771 -5.03277015686 -1.31153365945e-09
    endloop
  endfacet
  facet normal 0 -1 0
    outer loop
      vertex -55.9112014771 -5.03277015686 -1.31153365945e-09
      vertex -55.9548988342 -4.98907995224 -1.31153365945e-09
      vertex -55.9443016052 -4.97529983521 -1.31153365945e-09
    endloop
  endfacet
  facet normal 0 1 -0
    outer loop
      vertex -55.9443016052 -4.97529983521 -1.31153365945e-09
      vertex -55.9548988342 -4.98907995224 -1.31153365945e-09
      vertex -55.9112014771 -5.03277015686 -1.31153365945e-09
    endloop
  endfacet
  facet normal 0 -1 0
    outer loop
      vertex -55.9112014771 -5.03277015686 -1.31153365945e-09
      vertex -55.9443016052 -4.97529983521 -1.31153365945e-09
      vertex -55.9376983643 -4.9592499733 -1.31153365945e-09
    endloop
  endfacet
  facet normal 0 1 -0
    outer loop
      vertex -55.9376983643 -4.9592499733 -1.31153365945e-09
      vertex -55.9443016052 -4.97529983521 -1.31153365945e-09
      vertex -55.9112014771 -5.03277015686 -1.31153365945e-09
    endloop
  endfacet
  facet normal 0 -1 0
    outer loop
      vertex -55.9112014771 -5.03277015686 -1.31153365945e-09
      vertex -55.9376983643 -4.9592499733 -1.31153365945e-09
      vertex -55.9370002747 -4.95412015915 -1.31153365945e-09
    endloop
  endfacet
  facet normal 0 1 -0
    outer loop
      vertex -55.9370002747 -4.95412015915 -1.31153365945e-09
      vertex -55.9376983643 -4.9592499733 -1.31153365945e-09
      vertex -55.9112014771 -5.03277015686 -1.31153365945e-09
    endloop
  endfacet
  facet normal 0 -1 -0
    outer loop
      vertex -55.9112014771 -5.03277015686 -1.31153365945e-09
      vertex -55.9370002747 -4.95412015915 -1.31153365945e-09
      vertex -55.9112014771 -4.95412015915 -1.31153365945e-09
    endloop
  endfacet
  facet normal 0 1 -0
    outer loop
      vertex -55.9112014771 -4.95412015915 -1.31153365945e-09
      vertex -55.9370002747 -4.95412015915 -1.31153365945e-09
      vertex -55.9112014771 -5.03277015686 -1.31153365945e-09
    endloop
  endfacet
  facet normal 1 0 0
    outer loop
      vertex -55.9112014771 -4.95412015915 -1.31153365945e-09
      vertex -55.9112014771 -5.03277015686 0.0786499977112
      vertex -55.9112014771 -5.03277015686 -1.31153365945e-09
    endloop
  endfacet
  facet normal 1 0 0
    outer loop
      vertex -55.9112014771 -5.03277015686 0.0786499977112
      vertex -55.9112014771 -4.95412015915 -1.31153365945e-09
      vertex -55.9112014771 -4.98907995224 0.0436920002103
    endloop
  endfacet
  facet normal -1 0 0
    outer loop
      vertex -55.9112014771 -5.03277015686 -1.31153365945e-09
      vertex -55.9112014771 -5.03277015686 0.0786499977112
      vertex -55.9112014771 -4.95412015915 -1.31153365945e-09
    endloop
  endfacet
  facet normal -1 -0 0
    outer loop
      vertex -55.9112014771 -4.98907995224 0.0436920002103
      vertex -55.9112014771 -4.95412015915 -1.31153365945e-09
      vertex -55.9112014771 -5.03277015686 0.0786499977112
    endloop
  endfacet
  facet normal 1 0 0
    outer loop
      vertex -55.9112014771 -4.98907995224 0.0436920002103
      vertex -55.9112014771 -4.95412015915 -1.31153365945e-09
      vertex -55.9112014771 -4.97529983521 0.0331159979105
    endloop
  endfacet
  facet normal -1 -0 0
    outer loop
      vertex -55.9112014771 -4.97529983521 0.0331159979105
      vertex -55.9112014771 -4.95412015915 -1.31153365945e-09
      vertex -55.9112014771 -4.98907995224 0.0436920002103
    endloop
  endfacet
  facet normal 1 0 0
    outer loop
      vertex -55.9112014771 -4.97529983521 0.0331159979105
      vertex -55.9112014771 -4.95412015915 -1.31153365945e-09
      vertex -55.9112014771 -4.9592499733 0.0264676027
    endloop
  endfacet
  facet normal -1 -0 0
    outer loop
      vertex -55.9112014771 -4.9592499733 0.0264676027
      vertex -55.9112014771 -4.95412015915 -1.31153365945e-09
      vertex -55.9112014771 -4.97529983521 0.0331159979105
    endloop
  endfacet
  facet normal 1 0 0
    outer loop
      vertex -55.9112014771 -4.9592499733 0.0264676027
      vertex -55.9112014771 -4.95412015915 -1.31153365945e-09
      vertex -55.9112014771 -4.94201993942 0.0241999998689
    endloop
  endfacet
  facet normal -1 0 0
    outer loop
      vertex -55.9112014771 -4.94201993942 0.0241999998689
      vertex -55.9112014771 -4.95412015915 -1.31153365945e-09
      vertex -55.9112014771 -4.9592499733 0.0264676027
    endloop
  endfacet
  facet normal 1 0 0
    outer loop
      vertex -55.9112014771 -4.94201993942 0.0241999998689
      vertex -55.9112014771 -4.95412015915 -1.31153365945e-09
      vertex -55.9112014771 -4.92992019653 -1.31153365945e-09
    endloop
  endfacet
  facet normal -1 0 0
    outer loop
      vertex -55.9112014771 -4.92992019653 -1.31153365945e-09
      vertex -55.9112014771 -4.95412015915 -1.31153365945e-09
      vertex -55.9112014771 -4.94201993942 0.0241999998689
    endloop
  endfacet
  facet normal 1 0 0
    outer loop
      vertex -55.9112014771 -4.94201993942 0.0241999998689
      vertex -55.9112014771 -4.92992019653 -1.31153365945e-09
      vertex -55.9112014771 -4.92479991913 0.0264676027
    endloop
  endfacet
  facet normal -1 0 0
    outer loop
      vertex -55.9112014771 -4.92479991913 0.0264676027
      vertex -55.9112014771 -4.92992019653 -1.31153365945e-09
      vertex -55.9112014771 -4.94201993942 0.0241999998689
    endloop
  endfacet
  facet normal 1 0 0
    outer loop
      vertex -55.9112014771 -4.92479991913 0.0264676027
      vertex -55.9112014771 -4.92992019653 -1.31153365945e-09
      vertex -55.9112014771 -4.85127019882 -1.31153365945e-09
    endloop
  endfacet
  facet normal -1 0 0
    outer loop
      vertex -55.9112014771 -4.85127019882 -1.31153365945e-09
      vertex -55.9112014771 -4.92992019653 -1.31153365945e-09
      vertex -55.9112014771 -4.92479991913 0.0264676027
    endloop
  endfacet
  facet normal 0 -1 0
    outer loop
      vertex -55.9370002747 -4.92992019653 -1.31153365945e-09
      vertex -55.9112014771 -4.85127019882 -1.31153365945e-09
      vertex -55.9112014771 -4.92992019653 -1.31153365945e-09
    endloop
  endfacet
  facet normal 0 -1 0
    outer loop
      vertex -55.9376983643 -4.92479991913 -1.31153365945e-09
      vertex -55.9112014771 -4.85127019882 -1.31153365945e-09
      vertex -55.9370002747 -4.92992019653 -1.31153365945e-09
    endloop
  endfacet
  facet normal 0 -1 0
    outer loop
      vertex -55.9443016052 -4.90875005722 -1.31153365945e-09
      vertex -55.9112014771 -4.85127019882 -1.31153365945e-09
      vertex -55.9376983643 -4.92479991913 -1.31153365945e-09
    endloop
  endfacet
  facet normal 0 -1 0
    outer loop
      vertex -55.9548988342 -4.89495992661 -1.31153365945e-09
      vertex -55.9112014771 -4.85127019882 -1.31153365945e-09
      vertex -55.9443016052 -4.90875005722 -1.31153365945e-09
    endloop
  endfacet
  facet normal 0 -1 0
    outer loop
      vertex -55.9687004089 -4.88438987732 -1.31153365945e-09
      vertex -55.9112014771 -4.85127019882 -1.31153365945e-09
      vertex -55.9548988342 -4.89495992661 -1.31153365945e-09
    endloop
  endfacet
  facet normal 0 -1 0
    outer loop
      vertex -55.9846992493 -4.87773990631 -1.31153365945e-09
      vertex -55.9112014771 -4.85127019882 -1.31153365945e-09
      vertex -55.9687004089 -4.88438987732 -1.31153365945e-09
    endloop
  endfacet
  facet normal 0 -1 0
    outer loop
      vertex -56.0019989014 -4.87547016144 -1.31153365945e-09
      vertex -55.9112014771 -4.85127019882 -1.31153365945e-09
      vertex -55.9846992493 -4.87773990631 -1.31153365945e-09
    endloop
  endfacet
  facet normal 0 -1 0
    outer loop
      vertex -56.0191993713 -4.87773990631 -1.31153365945e-09
      vertex -55.9112014771 -4.85127019882 -1.31153365945e-09
      vertex -56.0019989014 -4.87547016144 -1.31153365945e-09
    endloop
  endfacet
  facet normal 0 -1 -0
    outer loop
      vertex -56.0191993713 -4.87773990631 -1.31153365945e-09
      vertex -56.0927009583 -4.85127019882 -1.31153365945e-09
      vertex -55.9112014771 -4.85127019882 -1.31153365945e-09
    endloop
  endfacet
  facet normal 0 -1 -0
    outer loop
      vertex -56.0351982117 -4.88438987732 -1.31153365945e-09
      vertex -56.0927009583 -4.85127019882 -1.31153365945e-09
      vertex -56.0191993713 -4.87773990631 -1.31153365945e-09
    endloop
  endfacet
  facet normal 0 -1 -0
    outer loop
      vertex -56.0489997864 -4.89495992661 -1.31153365945e-09
      vertex -56.0927009583 -4.85127019882 -1.31153365945e-09
      vertex -56.0351982117 -4.88438987732 -1.31153365945e-09
    endloop
  endfacet
  facet normal 0 -1 -0
    outer loop
      vertex -56.0596008301 -4.90875005722 -1.31153365945e-09
      vertex -56.0927009583 -4.85127019882 -1.31153365945e-09
      vertex -56.0489997864 -4.89495992661 -1.31153365945e-09
    endloop
  endfacet
  facet normal 0 -1 -0
    outer loop
      vertex -56.0662994385 -4.92479991913 -1.31153365945e-09
      vertex -56.0927009583 -4.85127019882 -1.31153365945e-09
      vertex -56.0596008301 -4.90875005722 -1.31153365945e-09
    endloop
  endfacet
  facet normal 0 -1 0
    outer loop
      vertex -56.0927009583 -4.85127019882 -1.31153365945e-09
      vertex -56.0662994385 -4.92479991913 -1.31153365945e-09
      vertex -56.0927009583 -5.03277015686 -1.31153365945e-09
    endloop
  endfacet
  facet normal 0 1 0
    outer loop
      vertex -56.0927009583 -5.03277015686 -1.31153365945e-09
      vertex -56.0662994385 -4.92479991913 -1.31153365945e-09
      vertex -56.0927009583 -4.85127019882 -1.31153365945e-09
    endloop
  endfacet
  facet normal 0 -1 0
    outer loop
      vertex -56.0927009583 -5.03277015686 -1.31153365945e-09
      vertex -56.0662994385 -4.92479991913 -1.31153365945e-09
      vertex -56.0685005188 -4.94201993942 -1.31153365945e-09
    endloop
  endfacet
  facet normal 0 1 0
    outer loop
      vertex -56.0685005188 -4.94201993942 -1.31153365945e-09
      vertex -56.0662994385 -4.92479991913 -1.31153365945e-09
      vertex -56.0927009583 -5.03277015686 -1.31153365945e-09
    endloop
  endfacet
  facet normal -0 -1 0
    outer loop
      vertex -56.0662994385 -4.9592499733 -1.31153365945e-09
      vertex -56.0927009583 -5.03277015686 -1.31153365945e-09
      vertex -56.0685005188 -4.94201993942 -1.31153365945e-09
    endloop
  endfacet
  facet normal -0 -1 0
    outer loop
      vertex -56.0596008301 -4.97529983521 -1.31153365945e-09
      vertex -56.0927009583 -5.03277015686 -1.31153365945e-09
      vertex -56.0662994385 -4.9592499733 -1.31153365945e-09
    endloop
  endfacet
  facet normal 0 1 -0
    outer loop
      vertex -56.0596008301 -4.97529983521 -1.31153365945e-09
      vertex -56.0927009583 -5.03277015686 -1.31153365945e-09
      vertex -56.0489997864 -4.98907995224 -1.31153365945e-09
    endloop
  endfacet
  facet normal 0 1 -0
    outer loop
      vertex -56.0662994385 -4.9592499733 -1.31153365945e-09
      vertex -56.0927009583 -5.03277015686 -1.31153365945e-09
      vertex -56.0596008301 -4.97529983521 -1.31153365945e-09
    endloop
  endfacet
  facet normal 0 1 -0
    outer loop
      vertex -56.0685005188 -4.94201993942 -1.31153365945e-09
      vertex -56.0927009583 -5.03277015686 -1.31153365945e-09
      vertex -56.0662994385 -4.9592499733 -1.31153365945e-09
    endloop
  endfacet
  facet normal 0 1 0
    outer loop
      vertex -56.0596008301 -4.90875005722 -1.31153365945e-09
      vertex -56.0927009583 -4.85127019882 -1.31153365945e-09
      vertex -56.0662994385 -4.92479991913 -1.31153365945e-09
    endloop
  endfacet
  facet normal 0 1 0
    outer loop
      vertex -56.0489997864 -4.89495992661 -1.31153365945e-09
      vertex -56.0927009583 -4.85127019882 -1.31153365945e-09
      vertex -56.0596008301 -4.90875005722 -1.31153365945e-09
    endloop
  endfacet
  facet normal 0 1 0
    outer loop
      vertex -56.0351982117 -4.88438987732 -1.31153365945e-09
      vertex -56.0927009583 -4.85127019882 -1.31153365945e-09
      vertex -56.0489997864 -4.89495992661 -1.31153365945e-09
    endloop
  endfacet
  facet normal 0 1 0
    outer loop
      vertex -56.0191993713 -4.87773990631 -1.31153365945e-09
      vertex -56.0927009583 -4.85127019882 -1.31153365945e-09
      vertex -56.0351982117 -4.88438987732 -1.31153365945e-09
    endloop
  endfacet
  facet normal 0 1 0
    outer loop
      vertex -55.9112014771 -4.85127019882 -1.31153365945e-09
      vertex -56.0927009583 -4.85127019882 -1.31153365945e-09
      vertex -56.0191993713 -4.87773990631 -1.31153365945e-09
    endloop
  endfacet
  facet normal 0 0 -1
    outer loop
      vertex -56.0927009583 -4.85127019882 -1.31153365945e-09
      vertex -56.0191993713 -4.85127019882 0.0264676027
      vertex -55.9112014771 -4.85127019882 -1.31153365945e-09
    endloop
  endfacet
  facet normal -0 0 -1
    outer loop
      vertex -56.0191993713 -4.85127019882 0.0264676027
      vertex -56.0927009583 -4.85127019882 -1.31153365945e-09
      vertex -56.0351982117 -4.85127019882 0.0331159979105
    endloop
  endfacet
  facet normal 0 0 1
    outer loop
      vertex -55.9112014771 -4.85127019882 -1.31153365945e-09
      vertex -56.0191993713 -4.85127019882 0.0264676027
      vertex -56.0927009583 -4.85127019882 -1.31153365945e-09
    endloop
  endfacet
  facet normal 0 0 -1
    outer loop
      vertex -55.9112014771 -4.85127019882 -1.31153365945e-09
      vertex -56.0191993713 -4.85127019882 0.0264676027
      vertex -56.0019989014 -4.85127019882 0.0241999998689
    endloop
  endfacet
  facet normal 0 0 1
    outer loop
      vertex -56.0019989014 -4.85127019882 0.0241999998689
      vertex -56.0191993713 -4.85127019882 0.0264676027
      vertex -55.9112014771 -4.85127019882 -1.31153365945e-09
    endloop
  endfacet
  facet normal 0 -0 -1
    outer loop
      vertex -55.9846992493 -4.85127019882 0.0264676027
      vertex -55.9112014771 -4.85127019882 -1.31153365945e-09
      vertex -56.0019989014 -4.85127019882 0.0241999998689
    endloop
  endfacet
  facet normal 0 -0 -1
    outer loop
      vertex -55.9687004089 -4.85127019882 0.0331159979105
      vertex -55.9112014771 -4.85127019882 -1.31153365945e-09
      vertex -55.9846992493 -4.85127019882 0.0264676027
    endloop
  endfacet
  facet normal 0 -0 -1
    outer loop
      vertex -55.9548988342 -4.85127019882 0.0436920002103
      vertex -55.9112014771 -4.85127019882 -1.31153365945e-09
      vertex -55.9687004089 -4.85127019882 0.0331159979105
    endloop
  endfacet
  facet normal 0 -0 -1
    outer loop
      vertex -55.9443016052 -4.85127019882 0.0574750006199
      vertex -55.9112014771 -4.85127019882 -1.31153365945e-09
      vertex -55.9548988342 -4.85127019882 0.0436920002103
    endloop
  endfacet
  facet normal 0 -0 -1
    outer loop
      vertex -55.9376983643 -4.85127019882 0.0735256001353
      vertex -55.9112014771 -4.85127019882 -1.31153365945e-09
      vertex -55.9443016052 -4.85127019882 0.0574750006199
    endloop
  endfacet
  facet normal 0 0 -1
    outer loop
      vertex -55.9112014771 -4.85127019882 -1.31153365945e-09
      vertex -55.9376983643 -4.85127019882 0.0735256001353
      vertex -55.9112014771 -4.85127019882 0.181500002742
    endloop
  endfacet
  facet normal 0 0 1
    outer loop
      vertex -55.9112014771 -4.85127019882 0.181500002742
      vertex -55.9376983643 -4.85127019882 0.0735256001353
      vertex -55.9112014771 -4.85127019882 -1.31153365945e-09
    endloop
  endfacet
  facet normal 0 0 -1
    outer loop
      vertex -55.9112014771 -4.85127019882 0.181500002742
      vertex -55.9376983643 -4.85127019882 0.0735256001353
      vertex -55.9353981018 -4.85127019882 0.0907500013709
    endloop
  endfacet
  facet normal -0 0 1
    outer loop
      vertex -55.9353981018 -4.85127019882 0.0907500013709
      vertex -55.9376983643 -4.85127019882 0.0735256001353
      vertex -55.9112014771 -4.85127019882 0.181500002742
    endloop
  endfacet
  facet normal 0 0 -1
    outer loop
      vertex -55.9112014771 -4.85127019882 0.181500002742
      vertex -55.9353981018 -4.85127019882 0.0907500013709
      vertex -55.9376983643 -4.85127019882 0.107974000275
    endloop
  endfacet
  facet normal -0 0 1
    outer loop
      vertex -55.9376983643 -4.85127019882 0.107974000275
      vertex -55.9353981018 -4.85127019882 0.0907500013709
      vertex -55.9112014771 -4.85127019882 0.181500002742
    endloop
  endfacet
  facet normal 0 0 -1
    outer loop
      vertex -55.9112014771 -4.85127019882 0.181500002742
      vertex -55.9376983643 -4.85127019882 0.107974000275
      vertex -55.9443016052 -4.85127019882 0.124025002122
    endloop
  endfacet
  facet normal -0 0 1
    outer loop
      vertex -55.9443016052 -4.85127019882 0.124025002122
      vertex -55.9376983643 -4.85127019882 0.107974000275
      vertex -55.9112014771 -4.85127019882 0.181500002742
    endloop
  endfacet
  facet normal 0 0 -1
    outer loop
      vertex -55.9112014771 -4.85127019882 0.181500002742
      vertex -55.9443016052 -4.85127019882 0.124025002122
      vertex -55.9548988342 -4.85127019882 0.137807995081
    endloop
  endfacet
  facet normal -0 0 1
    outer loop
      vertex -55.9548988342 -4.85127019882 0.137807995081
      vertex -55.9443016052 -4.85127019882 0.124025002122
      vertex -55.9112014771 -4.85127019882 0.181500002742
    endloop
  endfacet
  facet normal 0 0 -1
    outer loop
      vertex -55.9112014771 -4.85127019882 0.181500002742
      vertex -55.9548988342 -4.85127019882 0.137807995081
      vertex -55.9687004089 -4.85127019882 0.148384004831
    endloop
  endfacet
  facet normal -0 0 1
    outer loop
      vertex -55.9687004089 -4.85127019882 0.148384004831
      vertex -55.9548988342 -4.85127019882 0.137807995081
      vertex -55.9112014771 -4.85127019882 0.181500002742
    endloop
  endfacet
  facet normal 0 0 -1
    outer loop
      vertex -55.9112014771 -4.85127019882 0.181500002742
      vertex -55.9687004089 -4.85127019882 0.148384004831
      vertex -55.9846992493 -4.85127019882 0.155031993985
    endloop
  endfacet
  facet normal -0 0 1
    outer loop
      vertex -55.9846992493 -4.85127019882 0.155031993985
      vertex -55.9687004089 -4.85127019882 0.148384004831
      vertex -55.9112014771 -4.85127019882 0.181500002742
    endloop
  endfacet
  facet normal 0 0 -1
    outer loop
      vertex -55.9112014771 -4.85127019882 0.181500002742
      vertex -55.9846992493 -4.85127019882 0.155031993985
      vertex -55.9898986816 -4.85127019882 0.155707001686
    endloop
  endfacet
  facet normal -0 0 1
    outer loop
      vertex -55.9898986816 -4.85127019882 0.155707001686
      vertex -55.9846992493 -4.85127019882 0.155031993985
      vertex -55.9112014771 -4.85127019882 0.181500002742
    endloop
  endfacet
  facet normal -0 0 -1
    outer loop
      vertex -55.9112014771 -4.85127019882 0.181500002742
      vertex -55.9898986816 -4.85127019882 0.155707001686
      vertex -55.9898986816 -4.85127019882 0.181500002742
    endloop
  endfacet
  facet normal -0 0 1
    outer loop
      vertex -55.9898986816 -4.85127019882 0.181500002742
      vertex -55.9898986816 -4.85127019882 0.155707001686
      vertex -55.9112014771 -4.85127019882 0.181500002742
    endloop
  endfacet
  facet normal 0 1 0
    outer loop
      vertex -55.9898986816 -4.85127019882 0.181500002742
      vertex -55.9846992493 -4.87773990631 0.181500002742
      vertex -55.9112014771 -4.85127019882 0.181500002742
    endloop
  endfacet
  facet normal 0 1 -0
    outer loop
      vertex -55.9898986816 -4.85127019882 0.181500002742
      vertex -56.0019989014 -4.87547016144 0.181500002742
      vertex -55.9846992493 -4.87773990631 0.181500002742
    endloop
  endfacet
  facet normal 0 1 0
    outer loop
      vertex -56.0140991211 -4.85127019882 0.181500002742
      vertex -56.0019989014 -4.87547016144 0.181500002742
      vertex -55.9898986816 -4.85127019882 0.181500002742
    endloop
  endfacet
  facet normal 0 1 -0
    outer loop
      vertex -56.0140991211 -4.85127019882 0.181500002742
      vertex -56.0191993713 -4.87773990631 0.181500002742
      vertex -56.0019989014 -4.87547016144 0.181500002742
    endloop
  endfacet
  facet normal 0 1 0
    outer loop
      vertex -56.0140991211 -4.85127019882 0.181500002742
      vertex -56.0351982117 -4.88438987732 0.181500002742
      vertex -56.0191993713 -4.87773990631 0.181500002742
    endloop
  endfacet
  facet normal 0 1 0
    outer loop
      vertex -56.0140991211 -4.85127019882 0.181500002742
      vertex -56.0489997864 -4.89495992661 0.181500002742
      vertex -56.0351982117 -4.88438987732 0.181500002742
    endloop
  endfacet
  facet normal 0 1 0
    outer loop
      vertex -56.0927009583 -4.85127019882 0.181500002742
      vertex -56.0489997864 -4.89495992661 0.181500002742
      vertex -56.0140991211 -4.85127019882 0.181500002742
    endloop
  endfacet
  facet normal 0 1 0
    outer loop
      vertex -56.0927009583 -4.85127019882 0.181500002742
      vertex -56.0596008301 -4.90875005722 0.181500002742
      vertex -56.0489997864 -4.89495992661 0.181500002742
    endloop
  endfacet
  facet normal 0 1 0
    outer loop
      vertex -56.0927009583 -4.85127019882 0.181500002742
      vertex -56.0662994385 -4.92479991913 0.181500002742
      vertex -56.0596008301 -4.90875005722 0.181500002742
    endloop
  endfacet
  facet normal 0 1 0
    outer loop
      vertex -56.0927009583 -4.85127019882 0.181500002742
      vertex -56.0668983459 -4.92992019653 0.181500002742
      vertex -56.0662994385 -4.92479991913 0.181500002742
    endloop
  endfacet
  facet normal 0 1 0
    outer loop
      vertex -56.0668983459 -4.92992019653 0.181500002742
      vertex -56.0927009583 -4.85127019882 0.181500002742
      vertex -56.0927009583 -4.92992019653 0.181500002742
    endloop
  endfacet
  facet normal 0 -1 0
    outer loop
      vertex -56.0927009583 -4.92992019653 0.181500002742
      vertex -56.0927009583 -4.85127019882 0.181500002742
      vertex -56.0668983459 -4.92992019653 0.181500002742
    endloop
  endfacet
  facet normal -1 0 0
    outer loop
      vertex -56.0927009583 -4.92479991913 0.155031993985
      vertex -56.0927009583 -4.92992019653 0.181500002742
      vertex -56.0927009583 -4.85127019882 0.181500002742
    endloop
  endfacet
  facet normal -1 0 -0
    outer loop
      vertex -56.0927009583 -4.94201993942 0.157299995422
      vertex -56.0927009583 -4.92992019653 0.181500002742
      vertex -56.0927009583 -4.92479991913 0.155031993985
    endloop
  endfacet
  facet normal -1 0 0
    outer loop
      vertex -56.0927009583 -4.94201993942 0.157299995422
      vertex -56.0927009583 -4.95412015915 0.181500002742
      vertex -56.0927009583 -4.92992019653 0.181500002742
    endloop
  endfacet
  facet normal -1 0 0
    outer loop
      vertex -56.0927009583 -4.9592499733 0.155031993985
      vertex -56.0927009583 -4.95412015915 0.181500002742
      vertex -56.0927009583 -4.94201993942 0.157299995422
    endloop
  endfacet
  facet normal -1 0 0
    outer loop
      vertex -56.0927009583 -4.97529983521 0.148384004831
      vertex -56.0927009583 -4.95412015915 0.181500002742
      vertex -56.0927009583 -4.9592499733 0.155031993985
    endloop
  endfacet
  facet normal -1 0 0
    outer loop
      vertex -56.0927009583 -4.98907995224 0.137807995081
      vertex -56.0927009583 -4.95412015915 0.181500002742
      vertex -56.0927009583 -4.97529983521 0.148384004831
    endloop
  endfacet
  facet normal -1 0 0
    outer loop
      vertex -56.0927009583 -4.98907995224 0.137807995081
      vertex -56.0927009583 -5.03277015686 0.181500002742
      vertex -56.0927009583 -4.95412015915 0.181500002742
    endloop
  endfacet
  facet normal -1 0 0
    outer loop
      vertex -56.0927009583 -4.99966001511 0.124025002122
      vertex -56.0927009583 -5.03277015686 0.181500002742
      vertex -56.0927009583 -4.98907995224 0.137807995081
    endloop
  endfacet
  facet normal -1 0 0
    outer loop
      vertex -56.0927009583 -5.00629997253 0.107974000275
      vertex -56.0927009583 -5.03277015686 0.181500002742
      vertex -56.0927009583 -4.99966001511 0.124025002122
    endloop
  endfacet
  facet normal -1 -0 0
    outer loop
      vertex -56.0927009583 -5.03277015686 0.181500002742
      vertex -56.0927009583 -5.00629997253 0.107974000275
      vertex -56.0927009583 -5.03277015686 -1.31153365945e-09
    endloop
  endfacet
  facet normal 1 -0 0
    outer loop
      vertex -56.0927009583 -5.03277015686 -1.31153365945e-09
      vertex -56.0927009583 -5.00629997253 0.107974000275
      vertex -56.0927009583 -5.03277015686 0.181500002742
    endloop
  endfacet
  facet normal -1 0 0
    outer loop
      vertex -56.0927009583 -5.03277015686 -1.31153365945e-09
      vertex -56.0927009583 -5.00629997253 0.107974000275
      vertex -56.0927009583 -5.00857019424 0.0907500013709
    endloop
  endfacet
  facet normal 1 -0 -0
    outer loop
      vertex -56.0927009583 -5.00857019424 0.0907500013709
      vertex -56.0927009583 -5.00629997253 0.107974000275
      vertex -56.0927009583 -5.03277015686 -1.31153365945e-09
    endloop
  endfacet
  facet normal -1 0 0
    outer loop
      vertex -56.0927009583 -5.00629997253 0.0735256001353
      vertex -56.0927009583 -5.03277015686 -1.31153365945e-09
      vertex -56.0927009583 -5.00857019424 0.0907500013709
    endloop
  endfacet
  facet normal -1 0 0
    outer loop
      vertex -56.0927009583 -4.99966001511 0.0574750006199
      vertex -56.0927009583 -5.03277015686 -1.31153365945e-09
      vertex -56.0927009583 -5.00629997253 0.0735256001353
    endloop
  endfacet
  facet normal -1 0 0
    outer loop
      vertex -56.0927009583 -4.98907995224 0.0436920002103
      vertex -56.0927009583 -5.03277015686 -1.31153365945e-09
      vertex -56.0927009583 -4.99966001511 0.0574750006199
    endloop
  endfacet
  facet normal -1 0 0
    outer loop
      vertex -56.0927009583 -4.97529983521 0.0331159979105
      vertex -56.0927009583 -5.03277015686 -1.31153365945e-09
      vertex -56.0927009583 -4.98907995224 0.0436920002103
    endloop
  endfacet
  facet normal -1 0 0
    outer loop
      vertex -56.0927009583 -4.9592499733 0.0264676027
      vertex -56.0927009583 -5.03277015686 -1.31153365945e-09
      vertex -56.0927009583 -4.97529983521 0.0331159979105
    endloop
  endfacet
  facet normal -1 0 0
    outer loop
      vertex -56.0927009583 -5.03277015686 -1.31153365945e-09
      vertex -56.0927009583 -4.9592499733 0.0264676027
      vertex -56.0927009583 -4.85127019882 -1.31153365945e-09
    endloop
  endfacet
  facet normal 1 0 0
    outer loop
      vertex -56.0927009583 -4.85127019882 -1.31153365945e-09
      vertex -56.0927009583 -4.9592499733 0.0264676027
      vertex -56.0927009583 -5.03277015686 -1.31153365945e-09
    endloop
  endfacet
  facet normal -1 0 0
    outer loop
      vertex -56.0927009583 -4.85127019882 -1.31153365945e-09
      vertex -56.0927009583 -4.9592499733 0.0264676027
      vertex -56.0927009583 -4.94201993942 0.0241999998689
    endloop
  endfacet
  facet normal 1 0 -0
    outer loop
      vertex -56.0927009583 -4.94201993942 0.0241999998689
      vertex -56.0927009583 -4.9592499733 0.0264676027
      vertex -56.0927009583 -4.85127019882 -1.31153365945e-09
    endloop
  endfacet
  facet normal -1 0 0
    outer loop
      vertex -56.0927009583 -4.85127019882 -1.31153365945e-09
      vertex -56.0927009583 -4.94201993942 0.0241999998689
      vertex -56.0927009583 -4.92479991913 0.0264676027
    endloop
  endfacet
  facet normal 1 0 0
    outer loop
      vertex -56.0927009583 -4.92479991913 0.0264676027
      vertex -56.0927009583 -4.94201993942 0.0241999998689
      vertex -56.0927009583 -4.85127019882 -1.31153365945e-09
    endloop
  endfacet
  facet normal -1 0 0
    outer loop
      vertex -56.0927009583 -4.85127019882 -1.31153365945e-09
      vertex -56.0927009583 -4.92479991913 0.0264676027
      vertex -56.0927009583 -4.90875005722 0.0331159979105
    endloop
  endfacet
  facet normal 1 0 0
    outer loop
      vertex -56.0927009583 -4.90875005722 0.0331159979105
      vertex -56.0927009583 -4.92479991913 0.0264676027
      vertex -56.0927009583 -4.85127019882 -1.31153365945e-09
    endloop
  endfacet
  facet normal -1 0 0
    outer loop
      vertex -56.0927009583 -4.85127019882 -1.31153365945e-09
      vertex -56.0927009583 -4.90875005722 0.0331159979105
      vertex -56.0927009583 -4.89495992661 0.0436920002103
    endloop
  endfacet
  facet normal 1 0 0
    outer loop
      vertex -56.0927009583 -4.89495992661 0.0436920002103
      vertex -56.0927009583 -4.90875005722 0.0331159979105
      vertex -56.0927009583 -4.85127019882 -1.31153365945e-09
    endloop
  endfacet
  facet normal -1 0 0
    outer loop
      vertex -56.0927009583 -4.85127019882 -1.31153365945e-09
      vertex -56.0927009583 -4.89495992661 0.0436920002103
      vertex -56.0927009583 -4.88438987732 0.0574750006199
    endloop
  endfacet
  facet normal 1 0 0
    outer loop
      vertex -56.0927009583 -4.88438987732 0.0574750006199
      vertex -56.0927009583 -4.89495992661 0.0436920002103
      vertex -56.0927009583 -4.85127019882 -1.31153365945e-09
    endloop
  endfacet
  facet normal -1 0 0
    outer loop
      vertex -56.0927009583 -4.85127019882 -1.31153365945e-09
      vertex -56.0927009583 -4.88438987732 0.0574750006199
      vertex -56.0927009583 -4.87773990631 0.0735256001353
    endloop
  endfacet
  facet normal 1 0 0
    outer loop
      vertex -56.0927009583 -4.87773990631 0.0735256001353
      vertex -56.0927009583 -4.88438987732 0.0574750006199
      vertex -56.0927009583 -4.85127019882 -1.31153365945e-09
    endloop
  endfacet
  facet normal -1 0 0
    outer loop
      vertex -56.0927009583 -4.85127019882 -1.31153365945e-09
      vertex -56.0927009583 -4.87773990631 0.0735256001353
      vertex -56.0927009583 -4.87705993652 0.0786499977112
    endloop
  endfacet
  facet normal 1 0 0
    outer loop
      vertex -56.0927009583 -4.87705993652 0.0786499977112
      vertex -56.0927009583 -4.87773990631 0.0735256001353
      vertex -56.0927009583 -4.85127019882 -1.31153365945e-09
    endloop
  endfacet
  facet normal -1 0 0
    outer loop
      vertex -56.0927009583 -4.85127019882 -1.31153365945e-09
      vertex -56.0927009583 -4.87705993652 0.0786499977112
      vertex -56.0927009583 -4.85127019882 0.0786499977112
    endloop
  endfacet
  facet normal 1 0 -0
    outer loop
      vertex -56.0927009583 -4.85127019882 0.0786499977112
      vertex -56.0927009583 -4.87705993652 0.0786499977112
      vertex -56.0927009583 -4.85127019882 -1.31153365945e-09
    endloop
  endfacet
  facet normal -0 0 -1
    outer loop
      vertex -56.0489997864 -4.85127019882 0.0436920002103
      vertex -56.0927009583 -4.85127019882 -1.31153365945e-09
      vertex -56.0927009583 -4.85127019882 0.0786499977112
    endloop
  endfacet
  facet normal -0 0 -1
    outer loop
      vertex -56.0351982117 -4.85127019882 0.0331159979105
      vertex -56.0927009583 -4.85127019882 -1.31153365945e-09
      vertex -56.0489997864 -4.85127019882 0.0436920002103
    endloop
  endfacet
  facet normal 0 0 1
    outer loop
      vertex -56.0351982117 -4.85127019882 0.0331159979105
      vertex -56.0927009583 -4.85127019882 -1.31153365945e-09
      vertex -56.0191993713 -4.85127019882 0.0264676027
    endloop
  endfacet
  facet normal 0 0 1
    outer loop
      vertex -56.0489997864 -4.85127019882 0.0436920002103
      vertex -56.0927009583 -4.85127019882 -1.31153365945e-09
      vertex -56.0351982117 -4.85127019882 0.0331159979105
    endloop
  endfacet
  facet normal 0 0 1
    outer loop
      vertex -56.0927009583 -4.85127019882 0.0786499977112
      vertex -56.0927009583 -4.85127019882 -1.31153365945e-09
      vertex -56.0489997864 -4.85127019882 0.0436920002103
    endloop
  endfacet
  facet normal 0 0 -1
    outer loop
      vertex -56.0489997864 -4.85127019882 0.0436920002103
      vertex -56.0927009583 -4.85127019882 0.0786499977112
      vertex -56.0596008301 -4.85127019882 0.0574750006199
    endloop
  endfacet
  facet normal 0 0 1
    outer loop
      vertex -56.0596008301 -4.85127019882 0.0574750006199
      vertex -56.0927009583 -4.85127019882 0.0786499977112
      vertex -56.0489997864 -4.85127019882 0.0436920002103
    endloop
  endfacet
  facet normal 0 0 -1
    outer loop
      vertex -56.0596008301 -4.85127019882 0.0574750006199
      vertex -56.0927009583 -4.85127019882 0.0786499977112
      vertex -56.0662994385 -4.85127019882 0.0735256001353
    endloop
  endfacet
  facet normal 0 0 1
    outer loop
      vertex -56.0662994385 -4.85127019882 0.0735256001353
      vertex -56.0927009583 -4.85127019882 0.0786499977112
      vertex -56.0596008301 -4.85127019882 0.0574750006199
    endloop
  endfacet
  facet normal 0 0 -1
    outer loop
      vertex -56.0662994385 -4.85127019882 0.0735256001353
      vertex -56.0927009583 -4.85127019882 0.0786499977112
      vertex -56.0685005188 -4.85127019882 0.0907500013709
    endloop
  endfacet
  facet normal 0 0 1
    outer loop
      vertex -56.0685005188 -4.85127019882 0.0907500013709
      vertex -56.0927009583 -4.85127019882 0.0786499977112
      vertex -56.0662994385 -4.85127019882 0.0735256001353
    endloop
  endfacet
  facet normal -0 0 -1
    outer loop
      vertex -56.0685005188 -4.85127019882 0.0907500013709
      vertex -56.0927009583 -4.85127019882 0.0786499977112
      vertex -56.0927009583 -4.85127019882 0.10284999758
    endloop
  endfacet
  facet normal 0 0 1
    outer loop
      vertex -56.0927009583 -4.85127019882 0.10284999758
      vertex -56.0927009583 -4.85127019882 0.0786499977112
      vertex -56.0685005188 -4.85127019882 0.0907500013709
